%YAML:1.0
---
image_width: 2448
image_height: 2048
camera_matrix: !!opencv-matrix
  rows: 3
  cols: 3
  dt: d
  data: [1411.98924551801, 0, 1245.59359354821,
         0, 1412.31026985283, 1040.81218317009,
         0, 0, 1]

distortion_coefficients: !!opencv-matrix
  rows: 5
  cols: 1
  dt: d
  data: [-0.311419177787348, 0.120561432860624, -0.000153748864215128, 0.000250817903844235, -0.024352421776291]