%YAML:1.0
---
image_width: 1920
image_height: 1080
camera_matrix: !!opencv-matrix
   rows: 3
   cols: 3
   dt: d
   data: [1366.14, 0.000000, 935.387, 0.000000, 1366.99, 575.094, 0.000000, 0.000000, 1.000000]
distortion_coefficients: !!opencv-matrix
   rows: 5
   cols: 1
   dt: d
   data: [0.0811808, 0.363422, 0.00221705, -0.00897261, 0.000000]
