%YAML:1.0
---
image_width: 1920
image_height: 1080
camera_matrix: !!opencv-matrix
   rows: 3
   cols: 3
   dt: d
   data: [1364.58, 0.000000, 961.361, 0.000000, 1366.02, 541.06, 0.000000, 0.000000, 1.000000]
distortion_coefficients: !!opencv-matrix
   rows: 5
   cols: 1
   dt: d
   data: [0.0288764, 0.408625, 0.00157756, -0.00152532, 0.000000]
