%YAML:1.0
---
image_width: 1920
image_height: 1080
camera_matrix: !!opencv-matrix
   rows: 3
   cols: 3
   dt: d
   data: [1364.45, 0.000000, 958.327, 0.000000, 1366.46, 535.074, 0.000000, 0.000000, 1.000000]
distortion_coefficients: !!opencv-matrix
   rows: 5
   cols: 1
   dt: d
   data: [0.0958277, -0.198233, 0.000147133, -0.000430056, 0.000000]
