%YAML:1.0
---
image_width: 1920
image_height: 1080
camera_matrix: !!opencv-matrix
   rows: 3
   cols: 3
   dt: d
   data: [1.3811040812002659e+03, 0.000000, 9.5818587247664732e+02, 0.000000, 1.3794019010657732e+03, 5.4803559148369698e+02, 0.000000, 0.000000, 1.000000]
distortion_coefficients: !!opencv-matrix
   rows: 5
   cols: 1
   dt: d
   data: [8.0647592338371599e-02, -1.6587673303578676e-01, -1.3576349090535205e-03, -2.6560019340505679e-04, 0.000000]
