%YAML:1.0
---
image_width: 640
image_height: 480
camera_matrix: !!opencv-matrix
   rows: 3
   cols: 3
   dt: d
   data: [385.024444, 0.000000, 322.539127, 0.000000, 385.196790, 238.796226, 0.000000, 0.000000, 1.000000]
distortion_coefficients: !!opencv-matrix
   rows: 5
   cols: 1
   dt: d
   data: [0.002218, -0.003819, -0.000221, 0.000480, 0.000000]
