%YAML:1.0
---
image_width: 1920
image_height: 1080
camera_matrix: !!opencv-matrix
   rows: 3
   cols: 3
   dt: d
   data: [1438.751307, 0.000000, 933.667494, 0.000000, 1439.631403, 571.229274, 0.000000, 0.000000, 1.000000]
distortion_coefficients: !!opencv-matrix
   rows: 5
   cols: 1
   dt: d
   data: [0.107358, -0.171353, 0.001748, -0.002488, 0.000000]
